104.213,99.7034
165.409,99.7517
226.115,99.7555
286.531,99.8938
347.256,100.235
407.143,100.482
466.972,100.98
526.897,101.343
103.031,158.655
164.27,158.638
225.14,158.482
285.637,158.418
346.549,158.533
406.878,158.689
466.784,159.025
526.928,159.388
101.688,218.08
162.964,217.741
223.898,217.669
284.838,217.533
345.831,217.468
406.364,217.613
466.744,217.739
527.101,217.933
100.396,277.805
161.939,277.601
223.185,277.34
284.239,277.048
345.507,277.002
406.197,276.954
466.665,276.907
527.341,276.949
99.3196,338.208
161.081,337.808
222.359,337.462
283.541,337.2
345.135,336.934
406.083,336.911
466.87,336.771
527.717,336.703
98.3146,398.931
160.225,398.487
221.576,397.976
283.148,397.736
344.891,397.4
405.995,397.255
467.078,396.959
528.012,396.846
97.3784,460.115
159.39,459.673
221.07,459.176
282.74,458.738
344.525,458.456
405.899,458.044
467.114,457.673
528.362,457.396
96.5075,521.735
158.653,521.177
220.479,520.689
282.365,520.289
344.448,519.654
405.953,519.293
467.403,518.689
528.796,518.325
104.2,99.65
165.37,99.7125
225.955,99.7317
286.49,99.8502
347.056,100.246
407.123,100.518
466.93,100.932
526.773,101.353
102.943,158.73
164.192,158.638
224.941,158.411
285.679,158.423
346.498,158.544
406.87,158.772
466.814,158.971
526.949,159.351
101.591,218.038
162.854,217.847
223.868,217.655
284.773,217.464
345.806,217.438
406.364,217.591
466.615,217.73
527.048,217.881
100.349,277.837
161.884,277.514
223.05,277.282
284.109,277.057
345.452,277.005
406.12,276.924
466.627,276.935
527.322,276.966
99.2767,338.222
160.95,337.73
222.24,337.443
283.536,337.135
345.086,336.962
406.015,336.807
466.869,336.642
527.625,336.745
98.2347,398.932
160.096,398.496
221.583,398.058
283.122,397.669
344.845,397.405
405.912,397.2
466.981,396.966
528.016,396.77
97.2432,460.159
159.312,459.622
220.995,459.226
282.682,458.815
344.552,458.408
405.884,458.073
467.108,457.656
528.387,457.351
96.4555,521.675
158.606,521.121
220.453,520.615
282.339,520.212
344.386,519.679
405.93,519.285
467.333,518.752
528.8,518.316
104.23,99.7282
165.328,99.7169
225.928,99.7763
286.417,99.9222
346.998,100.257
407.084,100.484
466.831,100.901
526.771,101.268
102.976,158.684
164.209,158.606
224.983,158.402
285.638,158.454
346.526,158.515
406.748,158.741
466.75,158.996
526.897,159.295
101.628,218.081
162.871,217.77
223.819,217.685
284.745,217.487
345.728,217.435
406.362,217.501
466.588,217.745
526.981,217.89
100.33,277.862
161.874,277.536
223.049,277.281
284.093,277.087
345.354,276.994
406.061,276.93
466.565,276.913
527.239,276.927
99.2371,338.248
160.888,337.744
222.254,337.448
283.46,337.157
344.993,336.994
406.013,336.819
466.782,336.716
527.623,336.696
98.217,398.969
160.093,398.507
221.531,398.05
283.014,397.76
344.747,397.43
405.866,397.266
466.897,396.967
527.965,396.758
97.2748,460.172
159.265,459.688
221.012,459.217
282.694,458.716
344.516,458.444
405.808,458.005
467.08,457.661
528.297,457.365
96.4438,521.699
158.595,521.135
220.402,520.616
282.321,520.235
344.405,519.653
405.897,519.24
467.338,518.716
528.721,518.316
104.092,99.7439
165.302,99.7943
225.759,99.7473
286.34,99.8742
346.861,100.229
406.961,100.435
466.741,100.87
526.581,101.25
102.843,158.726
164.078,158.68
224.755,158.382
285.501,158.471
346.307,158.59
406.604,158.751
466.661,158.957
526.718,159.298
101.401,218.039
162.731,217.836
223.731,217.646
284.615,217.494
345.626,217.486
406.152,217.554
466.463,217.665
526.856,217.854
100.2,277.854
161.724,277.521
222.775,277.239
283.85,277.02
345.23,276.983
405.908,276.905
466.433,276.934
527.073,276.967
99.1238,338.29
160.778,337.74
221.984,337.454
283.393,337.17
344.849,336.905
405.816,336.77
466.655,336.629
527.468,336.628
98.1339,398.968
159.971,398.575
221.428,398.006
282.882,397.695
344.544,397.423
405.709,397.178
466.715,396.956
527.808,396.734
97.1237,460.084
159.156,459.63
220.87,459.264
282.516,458.722
344.36,458.41
405.678,457.995
466.942,457.679
528.209,457.333
96.2841,521.7
158.408,521.104
220.238,520.677
282.15,520.163
344.19,519.688
405.703,519.292
467.141,518.712
528.604,518.333
104.035,99.8221
165.245,99.8657
225.697,99.8539
286.256,99.9615
346.836,100.255
406.934,100.496
466.672,100.869
526.523,101.339
102.822,158.802
164.028,158.715
224.722,158.419
285.437,158.476
346.195,158.598
406.577,158.769
466.599,159.03
526.659,159.328
101.42,218.09
162.71,217.85
223.714,217.698
284.606,217.505
345.565,217.452
406.136,217.661
466.429,217.707
526.812,217.844
100.186,277.909
161.718,277.577
222.775,277.296
283.849,277.04
345.161,277.022
405.849,276.903
466.418,276.957
527.051,277.042
99.0891,338.342
160.751,337.801
221.984,337.468
283.344,337.244
344.788,336.949
405.812,336.791
466.574,336.671
527.441,336.636
98.1087,399.025
159.957,398.591
221.368,398.101
282.846,397.73
344.483,397.425
405.712,397.199
466.668,396.964
527.78,396.776
97.0952,460.166
159.144,459.684
220.83,459.23
282.447,458.814
344.32,458.453
405.638,458.022
466.865,457.643
528.133,457.389
96.2619,521.754
158.39,521.14
220.263,520.711
282.152,520.247
344.145,519.794
405.614,519.273
467.082,518.8
528.566,518.383
104.031,99.7621
165.245,99.7717
225.692,99.7492
286.29,99.9629
346.794,100.246
406.983,100.473
466.692,100.838
526.521,101.267
102.863,158.722
163.989,158.621
224.738,158.424
285.375,158.458
346.31,158.591
406.508,158.713
466.592,158.959
526.65,159.325
101.415,218.052
162.71,217.851
223.643,217.659
284.549,217.457
345.629,217.469
406.151,217.59
466.467,217.668
526.8,217.848
100.151,277.855
161.662,277.54
222.756,277.257
283.771,277.019
345.175,277.008
405.832,276.868
466.442,276.915
527.024,276.981
99.0864,338.261
160.703,337.785
221.951,337.447
283.341,337.138
344.774,336.942
405.756,336.802
466.591,336.651
527.438,336.653
98.0703,398.972
159.924,398.549
221.362,398.014
282.81,397.716
344.517,397.39
405.658,397.176
466.662,396.96
527.748,396.751
97.0918,460.135
159.1,459.57
220.76,459.199
282.456,458.717
344.308,458.41
405.643,457.995
466.887,457.661
528.103,457.385
96.2076,521.684
158.345,521.121
220.202,520.667
282.062,520.127
344.149,519.702
405.654,519.306
467.094,518.7
528.523,518.356
104.1,99.766
165.279,99.7963
225.82,99.7739
286.367,99.9307
346.938,100.284
407.069,100.492
466.818,100.944
526.633,101.35
102.874,158.684
164.051,158.665
224.816,158.42
285.594,158.483
346.415,158.641
406.689,158.834
466.722,159.034
526.802,159.388
101.468,218.064
162.732,217.835
223.773,217.725
284.663,217.486
345.686,217.475
406.264,217.658
466.548,217.722
526.898,217.908
100.193,277.857
161.794,277.58
222.898,277.289
283.992,277.106
345.32,277.018
406.006,276.949
466.533,276.98
527.142,277.034
99.1266,338.326
160.829,337.747
222.089,337.433
283.447,337.193
344.905,336.967
405.921,336.829
466.709,336.762
527.561,336.788
98.169,399.013
160.012,398.513
221.45,398.05
282.993,397.782
344.676,397.481
405.811,397.3
466.776,396.993
527.851,396.81
97.1147,460.124
159.233,459.67
220.922,459.252
282.549,458.771
344.39,458.449
405.771,458.071
467.026,457.721
528.289,457.428
96.2706,521.734
158.416,521.097
220.371,520.664
282.22,520.258
344.299,519.754
405.777,519.326
467.206,518.758
528.658,518.362
104.074,99.5683
165.304,99.6446
225.862,99.655
286.49,99.8566
347.075,100.296
407.128,100.545
466.872,101.061
526.75,101.495
102.861,158.517
164.064,158.487
224.873,158.321
285.605,158.398
346.507,158.587
406.791,158.853
466.711,159.148
526.901,159.489
101.441,217.902
162.796,217.709
223.788,217.637
284.778,217.489
345.761,217.456
406.308,217.641
466.64,217.816
526.992,217.962
100.166,277.743
161.788,277.484
222.931,277.203
284.135,277.12
345.395,277.019
406.088,276.931
466.643,276.951
527.267,277.08
99.1529,338.147
160.831,337.671
222.104,337.409
283.462,337.171
345.039,336.997
406.053,336.869
466.814,336.803
527.659,336.758
98.1066,398.883
160.015,398.454
221.491,397.996
283.027,397.725
344.737,397.416
405.95,397.301
466.892,397.016
527.969,396.867
97.1053,460.074
159.174,459.593
220.957,459.161
282.621,458.717
344.516,458.437
405.817,458.014
467.181,457.761
528.331,457.453
96.244,521.682
158.405,521.09
220.368,520.659
282.252,520.185
344.367,519.75
405.869,519.312
467.329,518.733
528.683,518.291
104.033,99.4477
165.339,99.6341
225.858,99.6499
286.453,99.9159
347.087,100.359
407.155,100.713
466.851,101.117
526.729,101.564
102.787,158.507
164.08,158.391
224.852,158.346
285.579,158.425
346.448,158.706
406.756,158.898
466.742,159.243
526.896,159.602
101.323,217.852
162.751,217.643
223.782,217.651
284.681,217.514
345.739,217.571
406.314,217.708
466.721,217.913
527.008,218.084
100.084,277.669
161.778,277.507
222.889,277.195
284.063,277.057
345.417,277.06
406.128,276.999
466.562,277.071
527.272,277.188
99.0964,338.048
160.8,337.686
222.118,337.349
283.468,337.217
345.037,337.015
406.069,336.932
466.719,336.869
527.649,336.871
98.0849,398.851
159.926,398.51
221.457,397.97
283.035,397.712
344.731,397.515
405.888,397.297
466.972,397.127
527.862,396.925
97.0815,460.039
159.171,459.568
220.893,459.165
282.64,458.761
344.514,458.462
405.832,458.09
467.154,457.789
528.322,457.483
96.2416,521.692
158.343,521.097
220.296,520.686
282.282,520.229
344.361,519.73
405.851,519.343
467.284,518.765
528.682,518.43
103.885,99.3395
165.125,99.5551
225.753,99.6901
286.373,99.9358
346.945,100.373
407.037,100.717
466.737,101.245
526.598,101.65
102.676,158.414
163.947,158.424
224.757,158.365
285.575,158.444
346.414,158.661
406.729,158.986
466.674,159.298
526.825,159.641
101.254,217.816
162.628,217.641
223.704,217.619
284.679,217.501
345.761,217.542
406.253,217.698
466.563,217.865
526.915,218.141
99.9939,277.672
161.595,277.453
222.819,277.218
283.977,277.086
345.38,277.058
406.085,277.014
466.517,277.077
527.203,277.214
98.9181,338.04
160.725,337.682
222.037,337.421
283.427,337.183
344.974,336.988
405.967,336.921
466.753,336.902
527.561,336.905
97.9808,398.903
159.866,398.473
221.436,398.001
282.979,397.764
344.673,397.425
405.91,397.346
466.894,397.214
527.943,396.939
96.9229,460.069
159.092,459.595
220.836,459.201
282.546,458.741
344.483,458.471
405.784,458.063
467.052,457.791
528.25,457.532
96.155,521.639
158.325,521.115
220.278,520.685
282.25,520.224
344.302,519.752
405.838,519.31
467.261,518.793
528.649,518.411
103.902,99.2312
165.281,99.4624
225.819,99.6325
286.438,99.8914
347.161,100.36
407.184,100.755
466.869,101.255
526.709,101.733
102.614,158.328
163.947,158.225
224.876,158.27
285.625,158.416
346.445,158.713
406.866,158.969
466.785,159.284
526.949,159.67
101.24,217.743
162.666,217.551
223.737,217.569
284.746,217.462
345.783,217.659
406.37,217.716
466.69,217.934
527.018,218.153
99.9847,277.583
161.668,277.409
222.871,277.19
284.063,277.068
345.415,277.063
406.148,277.088
466.587,277.127
527.235,277.24
98.9443,337.966
160.754,337.63
222.099,337.348
283.501,337.109
345.042,337.004
406.078,336.93
466.833,336.875
527.59,336.951
97.9434,398.791
159.941,398.446
221.428,397.984
283.009,397.717
344.791,397.487
405.919,397.323
467.025,397.151
528.01,396.969
96.9521,459.989
159.086,459.527
220.888,459.151
282.667,458.766
344.536,458.478
405.893,458.098
467.163,457.774
528.337,457.509
96.0978,521.697
158.344,521.023
220.307,520.607
282.276,520.237
344.425,519.739
405.89,519.301
467.339,518.81
528.639,518.478
103.86,99.0959
165.112,99.3742
225.865,99.5372
286.517,99.9054
347.251,100.36
407.187,100.786
466.951,101.375
526.721,101.882
102.652,158.245
163.994,158.135
224.963,158.187
285.693,158.403
346.544,158.698
406.897,159.004
466.799,159.342
526.953,159.834
101.145,217.65
162.682,217.53
223.781,217.526
284.803,217.466
345.843,217.567
406.477,217.773
466.76,218.036
527.104,218.32
99.9896,277.517
161.661,277.355
222.919,277.117
284.174,277.057
345.461,277.061
406.304,277.124
466.69,277.176
527.31,277.281
98.9054,337.897
160.758,337.597
222.118,337.317
283.557,337.161
345.113,337.035
406.187,336.959
466.908,336.917
527.696,336.967
97.9413,398.676
159.935,398.426
221.467,397.924
283.089,397.686
344.9,397.478
406.116,397.327
467.046,397.189
528.008,397.111
96.9291,459.973
159.128,459.552
220.941,459.135
282.753,458.712
344.602,458.439
406.057,458.092
467.255,457.831
528.417,457.605
96.0876,521.545
158.291,521.041
220.299,520.642
282.339,520.217
344.486,519.745
406.052,519.307
467.42,518.829
528.746,518.431
103.781,99.0303
165.013,99.2651
225.854,99.5473
286.468,99.9027
347.254,100.432
407.236,100.926
466.992,101.488
526.762,102.181
102.435,158.097
163.895,158.126
224.809,158.179
285.609,158.411
346.599,158.73
406.922,159.101
466.849,159.507
526.973,160.108
101.043,217.541
162.617,217.446
223.692,217.423
284.742,217.512
345.877,217.672
406.483,217.864
466.735,218.143
527.101,218.534
99.8612,277.452
161.529,277.295
222.877,277.096
284.133,277.091
345.487,277.073
406.272,277.189
466.71,277.251
527.308,277.503
98.6789,337.764
160.65,337.561
222.074,337.295
283.553,337.175
345.091,337.077
406.246,337.031
466.873,337.017
527.646,337.115
97.787,398.63
159.827,398.37
221.456,397.906
283.122,397.715
344.847,397.494
406.15,397.399
467.09,397.24
528.023,397.154
96.8074,459.947
159.011,459.49
220.863,459.146
282.675,458.67
344.603,458.474
406.061,458.227
467.25,457.849
528.427,457.654
95.9431,521.51
158.203,521.078
220.253,520.64
282.315,520.299
344.516,519.733
406.057,519.378
467.456,518.889
528.773,518.536
103.571,98.8796
164.94,99.1488
225.799,99.4379
286.405,99.8046
347.232,100.442
407.184,101.026
466.957,101.621
526.733,102.297
102.224,157.939
163.781,158.006
224.734,158.101
285.571,158.414
346.53,158.788
406.924,159.177
466.809,159.614
526.952,160.267
100.883,217.389
162.536,217.316
223.654,217.346
284.702,217.463
345.812,217.743
406.453,217.901
466.739,218.249
527.051,218.71
99.7284,277.329
161.432,277.143
222.761,277.034
284.023,276.998
345.447,277.064
406.231,277.201
466.66,277.355
527.233,277.686
98.5012,337.667
160.495,337.447
222.005,337.249
283.52,337.172
345.098,337.081
406.155,337.102
466.793,337.099
527.618,337.219
97.563,398.526
159.686,398.307
221.346,397.821
283.035,397.709
344.828,397.559
405.967,397.438
466.997,397.367
527.984,397.205
96.5487,459.856
158.896,459.444
220.749,459.072
282.598,458.686
344.547,458.499
405.926,458.238
467.174,457.957
528.359,457.755
95.7082,521.527
158.045,521.033
220.215,520.578
282.241,520.214
344.42,519.759
405.956,519.388
467.409,518.964
528.655,518.598
103.248,98.4969
164.855,98.9523
225.707,99.3048
286.422,99.8368
347.266,100.475
407.215,101.159
467.046,101.8
526.78,102.602
102.021,157.509
163.69,157.85
224.663,158.012
285.614,158.333
346.579,158.797
406.935,159.367
466.929,159.791
526.957,160.503
100.634,217.074
162.379,217.084
223.613,217.187
284.723,217.366
345.865,217.73
406.436,218.011
466.724,218.473
527.041,218.92
99.421,277.109
161.255,277.012
222.721,276.963
284.018,276.999
345.487,277.117
406.275,277.327
466.669,277.573
527.223,277.93
98.2039,337.501
160.29,337.294
221.958,337.177
283.457,337.103
345.105,337.101
406.256,337.143
466.882,337.137
527.646,337.39
97.2992,398.42
159.459,398.134
221.267,397.751
283.024,397.635
344.826,397.539
406.073,397.467
467.048,397.422
528.036,397.355
96.2649,459.746
158.766,459.292
220.663,459.034
282.607,458.617
344.64,458.47
406.033,458.249
467.275,458.021
528.369,457.817
95.4846,521.367
157.982,520.994
220.12,520.548
282.233,520.199
344.484,519.743
406.121,519.381
467.42,518.951
528.693,518.615
103.248,98.1146
164.912,98.733
225.88,99.1568
286.594,99.7007
347.453,100.531
407.504,101.309
467.155,102.127
526.968,102.902
102.005,157.254
163.713,157.575
224.856,157.849
285.802,158.292
346.738,158.826
407.076,159.446
467.111,160.095
527.15,160.752
100.567,216.798
162.431,216.933
223.692,217.086
284.902,217.3
346.131,217.738
406.756,218.133
466.964,218.638
527.087,219.074
99.2947,276.777
161.3,276.74
222.811,276.818
284.219,276.933
345.635,277.11
406.493,277.377
466.89,277.744
527.486,278.095
98.1857,337.294
160.356,337.112
222.059,336.961
283.646,336.99
345.294,337.049
406.44,337.188
467.081,337.285
527.795,337.564
97.2066,398.15
159.549,397.954
221.358,397.584
283.227,397.576
345.059,397.445
406.303,397.442
467.271,397.469
528.166,397.482
96.1334,459.503
158.752,459.17
220.763,458.853
282.728,458.575
344.725,458.479
406.217,458.244
467.421,458.135
528.52,457.877
95.3777,521.228
157.959,520.85
220.237,520.507
282.333,520.087
344.655,519.677
406.241,519.394
467.539,519.064
528.762,518.634
103.146,97.9425
164.828,98.5752
225.79,99.0812
286.569,99.7542
347.439,100.562
407.505,101.422
467.192,102.309
526.909,103.259
101.795,157.066
163.54,157.389
224.772,157.735
285.745,158.256
346.728,158.952
407.028,159.528
467.152,160.26
527.026,161.027
100.324,216.557
162.295,216.831
223.69,217.028
284.865,217.273
346.079,217.762
406.677,218.264
466.918,218.8
527.038,219.25
99.0858,276.635
161.15,276.679
222.811,276.767
284.152,276.956
345.591,277.154
406.451,277.475
466.8,277.782
527.387,278.246
98.016,337.131
160.276,337.042
221.973,336.954
283.558,336.965
345.254,337.131
406.357,337.242
467.081,337.461
527.737,337.763
96.9627,398.064
159.277,397.865
221.28,397.57
283.128,397.614
344.994,397.55
406.273,397.532
467.2,397.524
528.047,397.658
95.9969,459.378
158.572,459.075
220.674,458.827
282.671,458.569
344.702,458.502
406.169,458.273
467.387,458.16
528.45,457.972
95.1545,521.193
157.888,520.855
220.106,520.378
282.28,520.078
344.628,519.701
406.235,519.395
467.536,519.06
528.75,518.723
102.971,97.8459
164.621,98.5883
225.688,99.0821
286.484,99.7858
347.405,100.639
407.38,101.5
467.143,102.437
526.86,103.427
101.69,156.963
163.374,157.371
224.655,157.806
285.639,158.298
346.695,158.951
407.042,159.649
467.058,160.37
526.919,161.207
100.15,216.595
162.207,216.77
223.585,217.02
284.8,217.307
346.083,217.839
406.588,218.309
466.863,218.881
527.037,219.537
99.0192,276.607
161.077,276.626
222.68,276.787
284.055,276.92
345.577,277.254
406.407,277.56
466.759,277.851
527.297,278.319
97.8996,337.076
160.098,337.089
221.888,337.02
283.486,337.027
345.211,337.158
406.343,337.36
466.984,337.491
527.66,337.877
96.8034,398.056
159.195,397.878
221.136,397.667
283.044,397.648
344.916,397.639
406.181,397.599
467.122,397.638
527.923,397.745
95.7737,459.46
158.4,459.106
220.556,458.856
282.619,458.599
344.636,458.524
406.17,458.295
467.305,458.305
528.325,458.075
94.9321,521.214
157.777,520.879
219.99,520.466
282.218,520.117
344.529,519.788
406.169,519.399
467.488,519.161
528.64,518.775
102.961,97.6181
164.78,98.2785
225.846,99.0215
286.575,99.7564
347.504,100.688
407.543,101.563
467.252,102.528
526.924,103.494
101.654,156.912
163.498,157.203
224.734,157.706
285.757,158.277
346.803,158.976
407.119,159.706
467.212,160.47
526.993,161.363
100.118,216.411
162.198,216.569
223.671,216.934
284.938,217.267
346.156,217.851
406.759,218.297
466.98,218.968
527.087,219.571
98.9508,276.47
161.117,276.576
222.803,276.718
284.15,276.912
345.746,277.186
406.485,277.62
466.929,277.988
527.369,278.415
97.8433,337.018
160.164,336.945
221.925,336.896
283.659,337.002
345.274,337.176
406.434,337.321
467.091,337.543
527.752,337.956
96.7987,397.956
159.252,397.789
221.224,397.539
283.123,397.562
345.058,397.562
406.327,397.615
467.269,397.672
528.076,397.802
95.7426,459.341
158.37,459.086
220.651,458.84
282.702,458.565
344.699,458.577
406.272,458.283
467.371,458.308
528.373,458.139
94.9182,521.131
157.764,520.806
220.045,520.356
282.273,520.148
344.69,519.726
406.27,519.393
467.545,519.191
528.775,518.792
103.021,97.44
164.932,98.2362
225.968,98.9088
286.784,99.7075
347.556,100.617
407.786,101.57
467.449,102.583
527.115,103.606
101.818,156.628
163.633,157.085
224.959,157.585
285.968,158.249
347.052,158.905
407.354,159.698
467.369,160.473
527.186,161.478
100.286,216.323
162.328,216.538
223.841,216.905
285.061,217.22
346.324,217.866
406.968,218.256
467.198,218.945
527.2,219.661
98.9991,276.424
161.234,276.453
222.899,276.622
284.378,276.916
345.844,277.173
406.676,277.602
467.148,278.001
527.596,278.478
97.948,336.823
160.268,336.834
222.094,336.768
283.834,336.872
345.54,337.161
406.632,337.34
467.264,337.57
527.93,338.012
96.8595,397.893
159.363,397.733
221.378,397.515
283.253,397.533
345.234,397.525
406.538,397.625
467.389,397.645
528.294,397.844
95.8801,459.213
158.543,458.985
220.746,458.767
282.821,458.594
344.933,458.47
406.416,458.297
467.484,458.199
528.583,458.105
95.0282,521.085
157.872,520.784
220.168,520.357
282.446,520.05
344.881,519.736
406.444,519.401
467.666,519.146
528.937,518.811
103.117,97.3227
165,98.1575
226.143,98.8622
286.905,99.7168
347.734,100.67
407.942,101.607
467.58,102.644
527.222,103.73
101.887,156.595
163.823,157.049
225.092,157.494
286.1,158.252
347.23,158.917
407.58,159.82
467.48,160.606
527.41,161.517
100.435,216.223
162.426,216.512
223.981,216.835
285.224,217.231
346.495,217.885
407.157,218.389
467.376,219.059
527.466,219.818
99.1055,276.343
161.294,276.434
223.055,276.689
284.548,276.924
346.021,277.272
406.869,277.666
467.307,278.101
527.718,278.686
98.0507,336.808
160.364,336.806
222.272,336.765
283.956,336.921
345.676,337.194
406.749,337.409
467.406,337.684
528.045,338.067
96.9943,397.83
159.503,397.702
221.526,397.496
283.444,397.558
345.387,397.534
406.661,397.653
467.543,397.776
528.397,397.906
95.9534,459.213
158.672,458.966
220.95,458.805
282.988,458.621
345.051,458.5
406.581,458.351
467.679,458.315
528.699,458.212
95.1292,521.082
157.967,520.824
220.315,520.37
282.677,520.081
345.031,519.723
406.592,519.396
467.812,519.203
529.062,518.842
103.201,97.2175
165.098,98.1004
226.199,98.8707
287.091,99.7213
347.852,100.659
408.078,101.673
467.73,102.764
527.271,103.919
101.87,156.492
163.858,156.931
225.217,157.528
286.275,158.252
347.383,158.96
407.665,159.799
467.592,160.665
527.526,161.668
100.427,216.088
162.476,216.457
224.052,216.869
285.402,217.257
346.575,217.821
407.193,218.502
467.483,219.116
527.556,219.924
99.1197,276.223
161.418,276.369
223.094,276.639
284.623,276.884
346.165,277.281
406.933,277.752
467.396,278.121
527.803,278.73
98.0947,336.752
160.411,336.72
222.342,336.754
284.097,336.921
345.773,337.257
406.913,337.518
467.566,337.752
528.11,338.108
96.957,397.8
159.599,397.679
221.62,397.479
283.581,397.564
345.498,397.568
406.8,397.668
467.69,397.828
528.493,397.915
95.9855,459.159
158.723,459.007
220.963,458.783
283.044,458.653
345.257,458.563
406.714,458.338
467.724,458.321
528.836,458.236
95.1591,521.058
158.049,520.744
220.401,520.345
282.818,520.077
345.066,519.697
406.723,519.406
468.025,519.236
529.152,518.88
103.148,97.0827
165.076,97.9655
226.237,98.7885
287.147,99.6391
347.928,100.678
408.125,101.733
467.78,102.914
527.333,103.996
101.834,156.305
163.871,156.903
225.198,157.45
286.3,158.172
347.401,158.988
407.712,159.888
467.691,160.728
527.561,161.726
100.401,215.899
162.416,216.325
224.085,216.792
285.406,217.192
346.607,217.855
407.276,218.577
467.532,219.105
527.588,219.976
99.0452,275.995
161.333,276.292
223.156,276.557
284.672,276.834
346.159,277.262
407.029,277.745
467.391,278.19
527.823,278.792
97.95,336.639
160.429,336.641
222.364,336.669
284.074,336.865
345.836,337.212
406.904,337.437
467.524,337.788
528.133,338.13
96.8817,397.72
159.582,397.59
221.6,397.451
283.562,397.522
345.526,397.569
406.835,397.62
467.669,397.803
528.531,397.988
95.8623,459.091
158.679,458.875
221.008,458.731
283.062,458.568
345.224,458.482
406.744,458.311
467.779,458.355
528.883,458.248
95.0825,520.902
158.008,520.724
220.427,520.295
282.853,520.057
345.081,519.686
406.74,519.455
468.077,519.217
529.189,518.801
103.019,97.0472
164.943,97.9379
226.181,98.7969
287.127,99.6806
347.929,100.783
408.181,101.828
467.744,103.052
527.342,104.181
101.756,156.258
163.821,156.88
225.142,157.372
286.288,158.212
347.381,159.011
407.746,159.963
467.67,160.82
527.527,161.898
100.254,215.835
162.389,216.236
224.095,216.761
285.377,217.256
346.604,217.878
407.303,218.636
467.507,219.233
527.604,220.107
98.9871,276.018
161.318,276.219
223.104,276.546
284.678,276.853
346.184,277.288
407.008,277.848
467.451,278.24
527.764,278.873
97.8673,336.594
160.387,336.655
222.321,336.706
284.078,336.923
345.834,337.246
406.954,337.501
467.554,337.884
528.103,338.194
96.8024,397.671
159.531,397.592
221.636,397.518
283.558,397.543
345.507,397.533
406.816,397.674
467.676,397.94
528.456,398.039
95.7783,459.049
158.648,458.9
220.993,458.72
283.093,458.593
345.269,458.513
406.781,458.405
467.815,458.367
528.8,458.259
94.9662,520.967
157.96,520.697
220.434,520.304
282.827,520.072
345.143,519.73
406.745,519.45
468.135,519.244
529.209,518.911
102.964,96.8119
164.943,97.8265
226.151,98.7736
287.158,99.7049
347.977,100.817
408.112,101.908
467.709,103.25
527.359,104.366
101.619,156.074
163.806,156.811
225.205,157.339
286.306,158.224
347.379,159.033
407.788,160.062
467.657,161
527.502,162.174
100.15,215.715
162.324,216.206
224.06,216.728
285.371,217.216
346.659,217.945
407.281,218.665
467.539,219.49
527.528,220.308
98.8834,275.858
161.198,276.15
223.088,276.486
284.681,276.83
346.203,277.3
407.005,277.886
467.465,278.361
527.77,279.044
97.7597,336.534
160.299,336.604
222.282,336.622
284.103,336.892
345.852,337.283
406.943,337.552
467.541,337.966
528.083,338.386
96.6422,397.605
159.366,397.561
221.595,397.436
283.542,397.568
345.507,397.576
406.856,397.727
467.651,397.964
528.474,398.17
95.6895,459.047
158.546,458.896
220.988,458.796
283.061,458.594
345.266,458.542
406.702,458.381
467.778,458.434
528.835,458.356
94.7498,520.949
157.87,520.68
220.381,520.296
282.802,520.062
345.084,519.719
406.774,519.542
468.026,519.25
529.14,519.021
102.943,96.5944
165.064,97.6442
226.211,98.6195
287.271,99.7115
348.148,100.842
408.307,102.061
467.935,103.432
527.453,104.633
101.657,155.918
163.838,156.653
225.257,157.266
286.42,158.161
347.586,159.054
407.915,160.173
467.817,161.203
527.591,162.34
100.12,215.579
162.383,216.07
224.166,216.576
285.542,217.257
346.745,217.97
407.465,218.776
467.647,219.601
527.599,220.435
98.8059,275.699
161.332,276.026
223.164,276.441
284.776,276.887
346.316,277.367
407.186,277.96
467.625,278.583
527.959,279.194
97.7189,336.413
160.405,336.496
222.363,336.608
284.229,336.907
345.968,337.244
407.047,337.618
467.652,338.007
528.217,338.552
96.6502,397.525
159.473,397.494
221.639,397.398
283.698,397.561
345.693,397.58
406.931,397.799
467.811,398.059
528.588,398.207
95.6918,458.96
158.55,458.808
221.029,458.723
283.172,458.627
345.405,458.589
406.892,458.447
467.912,458.491
528.945,458.465
94.7849,520.863
157.886,520.536
220.51,520.256
282.913,520.016
345.226,519.746
406.871,519.541
468.18,519.346
529.248,519.016
102.882,96.2698
165.004,97.4352
226.359,98.4814
287.366,99.5951
348.31,100.923
408.413,102.179
468.052,103.54
527.476,104.88
101.529,155.574
163.816,156.368
225.365,157.137
286.487,158.109
347.606,159.071
407.995,160.302
467.937,161.41
527.705,162.496
100.041,215.321
162.432,215.852
224.192,216.493
285.662,217.164
346.904,217.977
407.576,218.824
467.719,219.834
527.685,220.604
98.7952,275.47
161.305,275.779
223.236,276.316
284.882,276.787
346.411,277.358
407.31,278.019
467.699,278.686
528.045,279.325
97.6096,336.195
160.299,336.418
222.392,336.517
284.263,336.839
346.059,337.259
407.155,337.683
467.727,338.094
528.283,338.677
96.502,397.254
159.507,397.352
221.693,397.343
283.788,397.455
345.787,397.57
407.083,397.797
467.932,398.184
528.605,398.413
95.5663,458.846
158.515,458.721
221.035,458.603
283.203,458.548
345.531,458.504
406.965,458.497
468.072,458.547
528.996,458.534
94.6006,520.779
157.882,520.542
220.438,520.211
282.955,520.013
345.31,519.676
406.945,519.478
468.252,519.321
529.296,519.032
102.772,96.0205
165.084,97.2201
226.523,98.3701
287.564,99.6366
348.488,101.053
408.585,102.384
468.223,103.842
527.699,105.388
101.514,155.304
163.829,156.128
225.469,157.119
286.632,158.171
347.869,159.201
408.154,160.419
468.105,161.656
527.802,162.947
99.9983,215.098
162.538,215.727
224.286,216.458
285.773,217.152
347.144,218.066
407.745,218.968
467.821,219.995
527.881,220.961
98.6909,275.353
161.333,275.707
223.297,276.326
285.009,276.824
346.662,277.445
407.459,278.156
467.818,278.857
528.08,279.709
97.5338,335.954
160.346,336.299
222.48,336.478
284.409,336.788
346.204,337.357
407.414,337.873
467.927,338.272
528.393,338.98
96.4625,397.126
159.5,397.303
221.779,397.328
283.867,397.528
345.923,397.673
407.205,397.976
468.059,398.303
528.695,398.596
95.5108,458.766
158.56,458.676
221.093,458.628
283.394,458.593
345.658,458.611
407.15,458.592
468.167,458.685
528.985,458.721
94.507,520.779
157.816,520.506
220.59,520.246
283.036,520.028
345.437,519.77
407.098,519.559
468.381,519.392
529.334,519.234
102.913,95.8512
165.156,97.1041
226.653,98.3067
287.754,99.6426
348.614,101.043
408.813,102.465
468.376,104.013
527.785,105.513
101.619,155.18
163.99,156.037
225.621,157.055
286.867,158.147
348.119,159.256
408.405,160.469
468.281,161.685
527.919,163.104
100.155,214.9
162.662,215.602
224.387,216.414
285.956,217.178
347.324,218.109
407.884,219.069
468.016,220.085
528,221.105
98.7524,275.27
161.476,275.612
223.524,276.271
285.183,276.818
346.801,277.511
407.601,278.188
467.991,278.954
528.234,279.812
97.5745,335.915
160.498,336.208
222.639,336.469
284.602,336.812
346.438,337.347
407.541,337.969
468.1,338.401
528.557,339.061
96.4946,397.111
159.58,397.219
221.933,397.299
283.984,397.482
346.058,397.704
407.395,398.016
468.234,398.346
528.891,398.74
95.5392,458.736
158.619,458.579
221.222,458.577
283.648,458.54
345.854,458.616
407.339,458.575
468.305,458.725
529.114,458.737
94.5432,520.587
157.954,520.413
220.674,520.211
283.201,520.032
345.688,519.744
407.299,519.606
468.449,519.432
529.453,519.244
103.137,95.6486
165.374,96.9944
226.924,98.188
287.993,99.6371
348.9,101.072
409.07,102.608
468.594,104.147
528.024,105.686
101.701,155.016
164.116,156.027
225.773,156.994
287.147,158.08
348.294,159.281
408.624,160.556
468.45,161.846
528.151,163.371
100.271,214.704
162.843,215.534
224.64,216.31
286.201,217.122
347.52,218.125
408.114,219.112
468.287,220.179
528.165,221.336
98.8083,275.007
161.616,275.53
223.731,276.092
285.407,276.711
347.008,277.52
407.785,278.187
468.242,279.037
528.373,279.908
97.6804,335.736
160.648,336.143
222.819,336.447
284.803,336.796
346.643,337.31
407.748,337.968
468.389,338.406
528.698,339.084
96.6035,396.931
159.726,397.112
221.992,397.195
284.229,397.472
346.272,397.69
407.623,398.08
468.43,398.343
529.005,398.746
95.5588,458.597
158.783,458.493
221.471,458.496
283.875,458.525
346.045,458.599
407.514,458.609
468.49,458.762
529.279,458.796
94.6538,520.531
158.049,520.341
220.897,520.138
283.429,519.972
345.838,519.7
407.485,519.593
468.68,519.446
529.611,519.288
